4
4
0 0
64.6744 0
0 37.9757
0 0
72.6657 0
68.8882 41.8246
88.6085 43.5613
0 34.2342
0 0
0 0
0 0
73.7681 0
0 43.3951
71.0625 0
77.2967 51.1719
0 46.1609
87.7922 0
0 45.2012
65.1444 0
65.1741 94.23
65.3349 97.69
67.2805 97.7888
67.409 89.3441
67.3435 93.5061
67.2875 94.6197
68.8848 97.0445
69.4001 96.1798
69.1316 90.2974
69.0428 98.1798
70.0869 99.7858
70.359 96.6674
70.1869 94.992
70.3658 100.547
71.9881 100.125
71.9411 98.1972
71.857 98.1201
71.6622 99.5154
70.0623 97.3248
70.0246 98.1
69.9123 98.2282
70.0465 98.4886
68.927 96.9787
68.8838 96.8169
68.8459 97.2279
68.7653 97.838
67.0571 94.1493
67.0699 94.4251
66.9013 96.1226
67.0768 96.7124
65.1479 95.8969
65.2799 98.0375
65.2383 95.3931
65.1612 95.2709
65.2543 96.286
65.2173 94.4795
65.2064 94.4581
65.1848 94.904
65.1854 94.9273
65.1865 94.2742
65.1406 94.4027
65.1622 94.8778
65.2128 95.171
65.211 93.4041
65.2337 94.1855
65.2373 92.7984
65.5788 90.4996
0 65.4546
55.9675 0
0 40.1314
70.0326 0
0 41.7973
0 0
75.3347 0
93.1191 38.922
74.2668 53.7104
59.398 43.0806
83.584 41.8134
70.1854 44.7109
86.8884 40.6043
83.8556 45.6955
89.5939 45.7853
